Top 10 by degree:
 node  degree
    0      77
    1      67
    4      65
    6      43
   16      33
   49      33
   15      31
   27      24
    5      20
   10      19

Top 10 by betweenness:
 node  betweenness
    0     0.260589
    1     0.235558
    4     0.198570
    6     0.136319
   15     0.071353
   16     0.066062
   49     0.062940
   27     0.039685
    5     0.036728
   69     0.036271

Top 10 by pagerank:
 node  pagerank
    0  0.020231
    1  0.017743
    4  0.017462
    6  0.011582
   49  0.009204
   16  0.009060
   15  0.008578
   27  0.006741
   10  0.005348
   69  0.005274